010011000110111101110010011001010110110100100000011010010111000001110011011101010110110100100000011001000110111101101100011011110111001000100000011100110110100101110100001000000110000101101101011001010111010000101100001000000110001101101111011011100111001101100101011000110111010001100101011101000111010101110010001000000110000101100100011010010111000001101001011100110110001101101001011011100110011101001010010101100110111110001010
0
001000000110010101101100011010010111010000101110001000000101000001110010011000010110010101110011011001010110111001110100001000000111011001100101011010000110100101100011011101010110110001100001001000000110100101101110011101000110010101110010011001000111010101101101001000000110100101101110011101000110010101110010011001000111010101101101001011100010000001001110011000010110110100100000011000010110001110110000100001000110111001110110
0
001000000111001101100001011100000110100101100101011011100010000001100101011101010010000001110010011010010111001101110101011100110010000001110100011010010110111001100011011010010110010001110101011011100111010000100000011001010111010101101001011100110110110101101111011001000010111000100000010100010111010101101001011100110111000101110101011001010010000001101001011000010110001101110101011011000110100110100010110110001001101001111111
0
011100110010000001100001011100100110001101110101001000000110111001101001011100110110100100101100001000000111011001100101011011000010000001101001011000010110001101110101011011000110100101110011001000000110000101110101011001110111010101100101001000000110110001101111011000100110111101110010011101000110100101110011001000000111001101101001011101000010000001100001011011010110010101110100001011100010000010111100110101010101010011010100
0
010100110111010101110011011100000110010101101110011001000110100101110011011100110110010100100000011101010110110001101100011000010110110101100011011011110111001001110000011001010111001000100000011011000110111101110010011001010110110100100000011000010010000001110000011101010111001001110101011100110010000001100001011000110110001101110101011011010111001101100001011011100010110000100000011010010110111010001110110001010010001110011101
0
001000000110000101110101011000110111010001101111011100100010000001100101011100100110111101110011001000000111011001100101011011100110010101101110011000010111010001101001011100110010111000100000010101010111010000100000011011110111001001100011011010010010000001110110011001010110110001101001011101000010110000100000011011000111010101100011011101000111010101110011001000000111001101101001011101000010000000010101101011101000100011001000
0
011000010110110101100101011101000010000001100110011100100110100101101110011001110110100101101100011011000110000100100000011101100110010101101100001011000010000001101000011001010110111001100100011100100110010101110010011010010111010000100000011011100110111101101110001000000110101001110101011100110111010001101111001011100010000001001110011000010110110100100000011101100110100101110110011001010111001010010000000110110101100011010110
0
011100100110000100100000011011000110010101101111001000000111000101110101011010010111001100100000011011110111001001101110011000010111001001100101001000000110011001100101011101010110011101101001011000010111010000101110001000000100111001110101011011000110110001100001011011010010000001100001011011000110100101110001011101010110000101101101001000000111010001101001011011100110001101101001011001000111010100100011100110000111100111011100
0
011011100111010000100000011101000110100101101110011000110110100101100100011101010110111001110100001011100010000001010011011001010110010000100000011010010110110101110000011001010111001001100100011010010110010101110100001000000110000101110101011000110111010001101111011100100010000001100101011011000110010101101101011001010110111001110100011101010110110100101110001000000100001101110101011100100110000100111110101100101100100010000100
0
011000100110100101110100011101010111001000100000011010000110010101101110011001000111001001100101011100100110100101110100001000000110010101110101001000000111000101110101011000010110110100100000011000010010000001101100011101010110001101110100011101010111001100101110001000000100010001101111011011100110010101100011001000000111000001101111011100110111010101100101011100100110010100100000011011110110010001000101111001011000000011101010
0
011010010110111100100000011001010110110001101001011101000010110000100000011000010111010000100000011100000110111101110010011101000111010001101001011101000110111101110010001000000110010001110101011010010010000001101111011100100110111001100001011100100110010100100000011001100110000101110101011000110110100101100010011101010111001100101110001000000100000101100101011011100110010101100001011011100010000011010111100011100111000001100100
0
011101100110010101101000011010010110001101110101011011000110000100100000011011100111010101101100011011000110000100100000011100110110100101110100001000000110000101101101011001010111010000100000011101010110110001101100011000010110110101100011011011110111001001110000011001010111001000100000011011000110111101100010011011110111001001110100011010010111001100101110000010100000101001001101011000010111010101110101010110001010100110001000
0
011100100110100101110011001000000110100101101101011100000110010101110010011001000110100101100101011101000010000001110110011001010110110001101001011101000010000001100101011101010010000001100101011100110111010000100000011100100110100001101111011011100110001101110101011100110010000001100101011011000110010101101101011001010110111001110100011101010110110100101110001000000100000101100101011011100110010100000011101011110000101010100010
0
011000010110111000100000011001010111010000100000011011000110111101110010011001010110110100100000011001010110011101100101011101000010000001100101011100100110111101110011001000000110000101101100011010010111000101110101011001010111010000100000011000110110111101101110011101100110000101101100011011000110100101110011001011100010000001000011011101010111001001100001011000100110100101110100011101010111001000111001101100100001010000000100
0
001000000110001001101001011000100110010101101110011001000111010101101101001000000110010101110101001000000110110001100101011011110010000001110110011010010111010001100001011001010010000001100110011000010110001101101001011011000110100101110011011010010111001100101110001000000100010001101111011011100110010101100011001000000110010101110101001000000110100101100001011000110111010101101100011010010111001101010101100101111011011010011000
0
001000000110000101101110011101000110010100101110001000000101001101110101011100110111000001100101011011100110010001101001011100110111001101100101001000000111001101101111011001000110000101101100011001010111001100101100001000000110110101100001011001110110111001100001001000000110000101100011001000000110110101100001011101000111010001101001011100110010000001101000011001010110111001100100011100100110010110100011111001101101111101010011
0
011100100110100101110100001011000010000001101110011010010111001101101001001000000110011001100101011011000110100101110011001000000110001001101001011000100110010101101110011001000111010101101101001000000110010101110010011000010111010000101100001000000110000101100011001000000110110101100001011101000111010001101001011100110010000001101100011010010110011101110101011011000110000100100000011001000110100111100000000010000100101100011100
0
011000010110110100100000011000010111010000100000011101000110111101110010011101000110111101110010001011100010000001010101011101000010000001101101011000010111001101110011011000010010000001101110011010010111001101101001001011000010000001110110011001010110111001100101011011100110000101110100011010010111001100100000011010010110010000100000011101000111001001101001011100110111010001101001011100010111010100001110010010101110100000110011
0
011001010010000001100001011000110010110000100000011001010110011001100110011010010110001101101001011101000111010101110010001000000111000101110101011010010111001100100000011100010111010101100001011011010010111000100000010101100110010101110011011101000110100101100010011101010110110001110101011011010010000001100101011101010110100101110011011011010110111101100100001000000110101001110101011100110111010001111010101110011100101100111011
0
011011110010000001101110011010010111001101101100001011000010000001101110011011110110111000100000011000110110111101101110011101100110000101101100011011000110100101110011001000000111010101110010011011100110000100100000011100110110010101101101011100000110010101110010001000000110000101100011001011100010000001001110011101010110110001101100011000010010000001110110011001010110111001100101011011100110000110001001011000110100100011100110
0
011101000110100101110011001000000111000101110101011010010111001100100000011010010111000001110011011101010110110100100000011010010110111000100000011101100110010101110011011101000110100101100010011101010110110001110101011011010010111000100000010101010111010000100000011011010110000101110011011100110110000100100000011001100110010101101100011010010111001100101100001000000110001101101111011011100111011010001111010110010000011111101101
0
011000010110110001101100011010010111001100100000011101100110100101110100011000010110010100100000011000010110110001101001011100010111010101100001011011010010000001100101011101010010110000100000011001010110110001100101011011010110010101101110011101000111010101101101001000000110000101100011001000000110111001101001011000100110100000101110000010100000101001001110011000010110110100100000011101100110010111001100101000111100111101001101
0
011011000010000001101110011010010111001101101100001000000110010101111000001011100010000001000101011101000110100101100001011011010010000001100100011010010110011101101110011010010111001101110011011010010110110100100000011100110110000101100111011010010111010001110100011010010111001100100000011001000110100101100111011011100110100101110011011100110110100101101101001011100010000001000001011001010110111000011001111000101111101111001111
0
011001010110000101101110001000000111001001101000011011110110111001100011011101010111001100100000011101100110010101101000011010010110001101110101011011000110000100100000011001000110100101100001011011010010110000100000011000010010000001101101011011110110110001101100011010010111001100100000011011000110010101101111001000000111011001101111011011000111010101110100011100000110000101110100001000000110100100000110001011101110110001110110
0
011011100010111000100000010100000111001001101111011010010110111000100000011001010110011101100101011101000010000001101101011000010110011101101110011000010010000001100001011101010110011101110101011001010010111000100000010100000111001001101111011010010110111000100000011011010110000101101100011001010111001101110101011000010110010001100001001000000110110101100001011001110110111001100001001000000110010110000100011001000101110110000100
0
011101010010001001101100011001010110111100100000011100110111010101110011011000110110100101110000011010010111010000100000011011010110000101101100011001010111001101110101011000010110010001100001001011100010000001000011011101010111001001100001011000100110100101110100011101010111001000100000011011010110010101110100011101010111001100100000011101000110111101110010011101000110111101110010001011000010000010010110000000101100000001000101
1
011011010110000101110100011101000110100101110011001000000111000101110101011010010111001100100000011101100110010101101100011010010111010000100000011001010111010000101100001000000110110101101111011011000110010101110011011101000110100101100101001000000110010001100001011100000110100101100010011101010111001100100000011101000111010101110010011100000110100101110011001011100010000001001001011011100111010011001011100101110111010000001000
0
011001010110011101100101011100100010000001101110011011110110111000100000011100110111010101110011011000110110100101110000011010010111010000100000011001010111100000101100001000000110100101100100001000000111010001101001011011100110001101101001011001000111010101101110011101000010000001100101011100110111010000101110001000000100111001110101011011100110001100100000011100000110111101110011011101010110010100100011010100000010001000000110
0
011100100110010100100000011011100110111101101110001000000111010001101111011100100111010001101111011100100010000001101110011001010110001100100000011001110111001001100001011101100110100101100100011000010010111000100000010001000111010101101001011100110010000001110011011000010110011101101001011101000111010001101001011100110010000001110011011000010111000001101001011001010110111000100000011011000110010100001011000111010000110010111000
0
011000110111010001110101011100110010110000100000011000010111010000100000011011010110111101101100011011000110100101110011001000000110101001110101011100110111010001101111001000000111000001110010011001010111010001101001011101010110110100100000011000010010111000001010000010100100110101100001011001010110001101100101011011100110000101110011001000000110011001100001011101010110001101101001011000100111010101100110110011011011011001000010
0
011100110010000001110011011010010111010000100000011000010110110101100101011101000010000001110010011010010111001101110101011100110010000001110101011101000010000001110011011101010111001101100011011010010111000001101001011101000010111000100000010100010111010101101001011100110111000101110101011001010010000001100001011101000010000001110011011001010110110100100000011100010111010101101001011100110010000001010010101010110011000001000010
0
011011100110100101110011011010010010000001110100011001010110110101110000011011110111001000100000011001010110011001100110011010010110001101101001011101000111010101110010001011100010000001001100011011110111001001100101011011010010000001101001011100000111001101110101011011010010000001100100011011110110110001101111011100100010000001110011011010010111010000100000011000010110110101100101011101000010110001100011001101000100100101000111
0
001000000110001101101111011011100111001101100101011000110111010001100101011101000111010101110010001000000110000101100100011010010111000001101001011100110110001101101001011011100110011100100000011001010110110001101001011101000010111000100000010000010110110001101001011100010111010101100001011011010010000001100101011100100110000101110100001000000111011001101111011011000111010101110100011100000110000110010010010111001010111011101101
0
011001000010111000100000010000010110110001101001011100010111010101100001011011010010000001101101011000010110011101101110011000010010000001101100011001010110011101110100011101010111001100101100001000000110110101101111011011000110110001101001011100110010000001101001011001000010000001101101011000010111010101110010011010010111001100100000011010010110111000101100001000000111001101110101011100110110001101001100111000111011000100101111
1
011010010111000001101001011101000010000001100110011010010110111001101001011000100111010101110011001000000110111001101001011100110110100100101110001000000101000101110101011010010111001101110001011101010110010100100000011011110111001001101110011000010111001001100101001011000010000001101100011011110111001001100101011011010010000001110001011101010110100101110011001000000110110001100001011011110111001010101000111110101001001001100110
0
011001010110010101110100001000000111000001101111011100100111010001100001001011000010000001101110011101010110111001100011001000000110010101101100011010010111010000100000011100110110111101101100011011000110100101100011011010010111010001110101011001000110100101101110101000000110110101101001001011000010000001110001011101010110100101110011001000000110110001100001011000110110100101101110011010010110000111011111100011011111100110010011
1
001000000110110001101001011000100110010101110010011011110010000001101110011010010111001101101100001000000110010101100111011001010111010000100000011011010110010101110100011101010111001100101110001000000101000101110101011010010111001101110001011101010110010100100000011001010110110001100101011010010110011001100101011011100110010000100000011011110111001001100011011010010010000001101001011011100010000000111111000110110001010010111010
0
011011000110100101100010011001010111001001101111001000000110100101101110011101000110010101110010011001000111010101101101001000000110011001110010011010010110111001100111011010010110110001101100011000010010111000100000010101010111010000100000011000100110110001100001011011100110010001101001011101000010000001100001011011000110100101110001011101010110000101101101001000000110010101101100011001010110110101101011000001111001000000100101
0
011001010110111001110100011101010110110100101110001000000100111001110101011011100110001100100000011010010110010000100000011001100110000101110101011000110110100101100010011101010111001100100000011101100110010101101100011010010111010000101110001000000101000001101000011000010111001101100101011011000110110001110101011100110010000001100001001000000110111001101001011100110110100100100000011010010110010011101010001010110101011101000000
0
001000000111000001110101011100100111010101110011001000000111011001110101011011000111000001110101011101000110000101110100011001010010000001110101011011000110110001100001011011010110001101101111011100100111000001100101011100100010000001110101011101000010000001110110011010010111010001100001011001010010000001101111011100100110001101101001001011100010000001010000011100100110111101101001011011100010000010110100110101111101100011011101
0
011100100110100001101111011011100110001101110101011100110010000001110101011011000111010001110010011010010110001101101001011001010111001100100000011100000111010101110010011101010111001100101100001000000110010101110101001000000111011001100101011010000110100101100011011101010110110001100001001000000110010101110010011000010111010000100000011000010110110001101001011100010111010101100101011101000010000001011010100000101011110000101111
0
011001010110011101100101011101000010111000100000010000110111001001100001011100110010000001110110011010010111010001100001011001010010000001101100011001010110001101110100011101010111001100100000011101100110100101110100011000010110010100100000011011100110100101110011011010010010000001101001011011010111000001100101011100100110010001101001011001010111010000100000011101100111010101101100011100000111010101100001001110110010101001001100
0
011101000110000101110100011001010010000001100101011001110110010101110100001000000110111001101111011011100010000001110011011000010111000001101001011001010110111000101110001000000100001101110101011100100110000101100010001010010111010001110101011100100010000001110011011001010110110101110000011001010111001000100000011100010111010101101001011100110010000001101101011000010111010101110010011010010111001110100001110011011001001011011101
1
001000000110100101101110001000000110011001110010011010010110111001100111011010010110110001101100011000010010111000100000010101010111010000100000011011100110100101100010011010000010000001101100011010010110011101110101011011000110000100101100001000000110110101100001011011000110010101110011011101010110000101100100011000010010000001101110011011110110111000100000011011010110000101110100011101000110100111100001011100100101001110000101
0
011100110010000001110001011101010110100101110011001011000010000001110011011011110110110001101100011010010110001101101001011101000111010101100100011010010110111000100000011001010110011101100101011101000010000001100101011110000010111000001010000010100100110101100001011101010111001001101001011100110010000001101001011001000010000001100110011001010111001001101101011001010110111001110100011101010110110100101101100101010101111011011011
0
001000000110111101110010011000110110100100101110001000000101000101110101011010010111001101110001011101010110010100100000011001000110111101101100011011110111001000100000011011000110111101110010011001010110110100101100001000000110010101110101011010010111001101101101011011110110010000100000011011100110111101101110001000000111000001101111011100100111010001110100011010010111010001101111011100100010000011010111010110110010111100101110
0
011100110110100101110100001000000110000101101101011001010011010000101100001000000110011001100101011101010110011101101001011000010111010000100000011001010111010000100000011100110110000101110000011010010110010101101110001011100010000001000001011011000110100101110001011101010110000101101101001000000110010101110010011000010111010000100000011101100110111101101100011101010111010001110000011000010111010011001100001111111111001101001110
1
001011100010000001001110011000010110110100100000011100000110100001100001011100100110010101110100011100100110000100100000011100110110010101100100001000000110110101100001011100110111001101100001001000000111011001100101011011000010000001100010011011000110000101101110011001000110100101110100001011100010000001001001011011100010000001100110011100100110100101101110011001110110100101101100011011000110000110100101011100001100111110110101
0
001000000111010001101001011011100110001101101001011001000111010101101110011101000010000001100101011011000110100101110100001000000110111001101111011011100010000001101100011101010110001101110100011101010111001100101110001000000100010001101111011011100110010101100011001000000110001101110101011100100111001101110101011100110010000001101010011101010111001101110100011011110010000001110011011000010111000010011111100000001110101101101110
0
011010010110010101101110001011000011000001100101011101000010000001100011011011110110111001100111011101010110010100100000011011110110010001101001011011110010000001110010011101010111010001110010011101010110110100100000011101100110010101101100001011100010000001001110011101010110110001101100011000010010000001110110011001010110110000100000011001010110110001101001011101000010000001110000011011000110000111101100001111111100011111111100
1
011000110110010101110010011000010111010000101100001000000110011001110010011010010110111001100111011010010110110001101100011000010010000001100001011011100111010001100101001000000110100101101110001011000010000001100110011000010110001101101001011011000110100101110011011010010111001100100000011011000110010101101111001011100010000001000001011011000110100101110001011101010110000101101101001000000110010110010000101110001101101010110110
0
011011100110100101101101001000000110000101110101011001110111010101100101001011000010000001110011011101010111001101100011011010010111000001101001011101000010000001110110011010010111010001100001011001010010000001110001011101010110000101101101001000000110111001100101011000110010110000100000011101100110000101110010011010010111010101110011001000000111001101101111011001000110000101101100011001010111001111011110010011011100001010011000
0
001000000110101001110101011100110111010001101111001011100010000001001101011011110111001001100010011010010010000001110000011100100110010101110100011010010111010101101101001000000110111001110101011011100110001100100000011011010110000101110101011100100110100101110011001011000010000001110110011001010110110000100000011100000110111101110010011101000111010001101001011101000110111101110010001000000111001100001101110101101011100110010111
0
011001010110110100100000011001000110100101100111011011100110100101110011011100110110100101101101001000000111001101101001011101000010000001100001011011010110010101110100001011100010000001010000011010000110000101110011011001010110110001101100011101010111001100100000011011010110000101110100011101000110100101110011001000000110110101101001001000000110010101100111011001010111010000100000011000010111001001001000101010111001101001000010
0
011000110111010100100000011100110110001101100101011011000110010101110010011010010111001101110001011101010110010100100000011100100111010101110100011100100111010101101101001011100010000001010001011101010110100101110011011100010111010101100101001000000110000100100000011010010110111001110100011001010111001001100100011101010110110100100000011011110111001001100011011010010010110000100000011101100110010100111100001100101000101110010101
0
011011000010000001100011011101010111001001110011011101010111001100100000011010100111010101110011011101000110111100101110001000000101001101110101011100110111000001100101011011100110010001101001011100110111001101100101001000000110100101101110011101000110010101110010011001000111010101101101001000000110110001101111011000100110111101110010011101000110100101110011001000000110010001101111011011000110111100110001101011111010010111100001
0
011100100010000001110011011010010111010000100000011000010110110101100101011101000010000001100011011011110110111001110011011001010110001101110100011001010111010001110101011100100010111000100000010011100111010101101100011011000110000101101101001000000110000100100000011011100111010101101100011011000110000100100000011001010110011101100101011101000010000001100101011100110111010000100000011001100110100110010101000101010111000000001111
0
011011100110100101100010011101010111001100100000011100000110110001100001011000110110010101110010011000010111010000101110001000000101000001110010011011110110000101101110001000000110011101110010011000010111011001101001011001000110000100101100001000000111010001101111011100100111010001101111011100100010000001110001011101010110100101110011001000000111000001101000011000010111001001100101011101000111001001010001101111001110100000111110
1
011000010010000001101001011000010110001101110101011011000110100101110011001011000010000001100100011010010110000101101101001000000110000101110010011000110111010100100000011100000110111101110010011101000110000100100000011011100110100101110011011011000010110000100000011001010111010000100000011100110111010101110011011000110110100101110000011010010111010000100000011011100110100101110011011011000010000010000111100011110100111110001001
0
011100100110100101110011011101010111001100100000011000010111010000100000011011100110100101110011011011000010111000001010000010100100011101100101011011100110010101110010011000010111010001100101011001000010000000110101001000000111000001100001011100100110000101100111011100100110000101110000011010000111001100101100001000000011010000110100001101000010000001110111011011110111001001100100011100110010110010001011010011001010101011110111
0
001001000011001000111001001101010011011000100000011000100111100101110100011001010111001100100000011011110110011000100000010011000110111101110010011001010110110100100000010010010111000001110011011101010110110100001010011010000110010101101100011100000100000001101100011010010111000001110011011101010110110100101110011000110110111101101101000010100101000001110010011010010111011001100001011000110111100101101111101001011111100010100001
1
0010000001010000011011110110110001101001011000110111100100111100111100001001011000101100
0
